<?xml version="1.0"?>
<opencv_storage>
<camera_matrix type_id="opencv-matrix">
  <rows>3</rows>
  <cols>3</cols>
  <dt>d</dt>
  <data>
    1.0784964272436814e+03 0. 6.5377289530909343e+02 0.
    1.0784964272436814e+03 3.3298744593570115e+02 0. 0. 1.</data></camera_matrix>
<distortion_coefficients type_id="opencv-matrix">
  <rows>5</rows>
  <cols>1</cols>
  <dt>d</dt>
  <data>
    5.2011694317967261e-02 -9.7284055605576425e-01
    3.4652911108965269e-02 1.8877950116510507e-02 1.7749324442232255e+00</data></distortion_coefficients>
</opencv_storage>
